Year	NUTS2_Code	GDP_Millions_Euro	Tourism_NightStays
2007	AT12	44580.08	3778322
2007	AT21	16364.24	4068276
2007	AT22	36539.05	5420013
2007	AT31	47409.72	3563688
2007	AT32	20895.93	4737133
2007	AT33	24818.47	2953029
2007	BE21	65818.48	1431942
2007	BE24	35854.01	591837
2007	BE25	35608.76	4530846
2007	BE32	27398.38	298118
2007	BE33	24806.32	1039687
2007	BG33	3609.91	1204136
2007	BG34	3884.73	1480721
2007	BG41	14784	1247920
2007	CY00	17591.05	1180663
2007	CZ01	34851.67	993337
2007	CZ04	11815.76	2033275
2007	CZ05	16512.32	5001920
2007	CZ06	19504.77	2497590
2007	CZ08	13820.92	1690871
2007	DE11	158946.40	7209607
2007	DE12	95445.70	6778259
2007	DE13	64430.36	9265162
2007	DE14	58304.36	4951814
2007	DE21	190234.77	20803210
2007	DE22	33943.70	9396969
2007	DE24	28982.61	3419945
2007	DE25	54975.81	4517937
2007	DE27	52787.52	9849512
2007	DE30	94674.55	10671866
2007	DE40	53004.02	7825909
2007	DE50	27285.62	1160918
2007	DE60	92386.99	5866099
2007	DE71	163380.32	9499425
2007	DE73	35097.27	5538422
2007	DE80	33484.74	22555587
2007	DE91	49440.52	4567625
2007	DE92	63180.37	3688834
2007	DE94	65304.61	13038636
2007	DEA1	178344.71	6384705
2007	DEA2	148656.41	8060737
2007	DEA3	69751.52	3297753
2007	DEA4	60830.53	3324781
2007	DEA5	100419.47	6287497
2007	DEB1	39034.24	5346812
2007	DEB2	12293.35	3637181
2007	DEB3	58121.34	4006059
2007	DEC0	31353.02	1211261
2007	DED2	37270.70	6366249
2007	DED5	22839.63	2321814
2007	DEE0	50152.98	5106221
2007	DEF0	71983.88	19090081
2007	DEG0	46928.27	6823285
2007	DK01	84035.62	3894554
2007	DK02	24453.88	2648706
2007	DK03	45666.54	5273103
2007	DK04	48318.22	3456589
2007	DK05	21431.48	3467063
2007	EE00	16246.40	1759045
2007	EL30	112007.91	2689126
2007	EL42	7683.25	1545850
2007	EL43	11200.47	1166117
2007	EL51	8906.26	1075682
2007	EL52	31951.55	2913185
2007	EL54	5028.61	700821
2007	EL61	11752.20	1292159
2007	EL62	4285.30	1194146
2007	EL63	11243.68	1047636
2007	EL64	10562.47	1191801
2007	EL65	9789.69	1593615
2007	ES11	56233.89	7776844
2007	ES12	23239.37	4457453
2007	ES13	12845.74	3885481
2007	ES21	65091.94	3204989
2007	ES22	17958.62	1763347
2007	ES23	7963.06	1154163
2007	ES24	34228.25	5201422
2007	ES30	194533.37	10569661
2007	ES41	55831.50	8393839
2007	ES42	38706.88	4001191
2007	ES43	17482.46	2397938
2007	ES51	203402.64	24499307
2007	ES52	105192.64	22628401
2007	ES53	26144.87	7773530
2007	ES61	148644.78	29520872
2007	ES62	27989.74	3728080
2007	ES70	41656.27	15252479
2007	FI19	42385.52	3468849
2007	FI1B	69675.70	2334851
2007	FI1C	36522.26	2500430
2007	FI1D	36830.68	5231677
2007	FI20	1098.10	172643
2007	HR03	14255.15	3544230
2007	HR04	29691.62	1072683
2007	HU32	9655.99	1412000
2007	IE04	23634.85	4045000
2007	IE05	64213.24	4205026
2007	IE06	109354	6535674
2007	ITC1	128808.17	5974626
2007	ITC2	4346.49	2103057
2007	ITC3	48202.53	10177625
2007	ITC4	333047.41	13868082
2007	ITF1	30085.80	6386498
2007	ITF3	105126.44	11401321
2007	ITF4	71142.47	9880693
2007	ITF6	33252.54	7189202
2007	ITG1	90004.67	8676787
2007	ITG2	32947.72	7991819
2007	ITH1	17943.96	10112396
2007	ITH3	146984.13	25414692
2007	ITH4	36206.87	5161334
2007	ITH5	140855.82	29180257
2007	ITI1	104999.31	21733049
2007	ITI2	22663.07	4096843
2007	ITI3	41210.09	11361332
2007	ITI4	184742.48	10840164
2007	LU00	37178.87	199132
2007	LV00	22654.47	1388706
2007	MT00	5744.89	332398
2007	PT11	49219.74	3423932
2007	PT15	7653.13	4529963
2007	PT16	33206.86	4466748
2007	PT17	65589.57	3720446
2007	PT18	11818.85	1713106
2007	PT20	3603.47	577384
2007	PT30	4305.81	863231
2007	RO11	15357.72	2214141
2007	RO12	15110.34	2537224
2007	RO21	13800.72	1479199
2007	RO22	13791	4749803
2007	RO32	30690.35	931866
2007	RO41	10232.95	1603152
2007	RO42	12620.13	1673760
2007	SE11	104220.41	6271416
2007	SE12	51771.70	4545824
2007	SE21	27328.98	4434629
2007	SE22	47928.75	4470353
2007	SE23	68812.12	7745744
2007	SE31	26691.67	5346406
2007	SE32	12178.04	2078799
2007	SE33	17834.24	2511703
2007	SI04	19561.79	1367224
2007	SK01	15057.73	767395
2007	SK04	11230.44	1702340
2007	UKC1	29674.95	1236297
2007	UKC2	40618.50	3810951
2007	UKD1	14863.44	7358727
2007	UKD3	83967.62	3616468
2007	UKD4	41957.04	6227771
2007	UKD7	41499.50	1515371
2007	UKE1	27330.48	1465567
2007	UKE3	34829.53	727710
2007	UKE4	70006.28	2439125
2007	UKF2	53048.24	1637499
2007	UKF3	17470.74	3627014
2007	UKG1	39114.47	2777537
2007	UKG3	79515.57	3342124
2007	UKH1	75165.73	9611951
2007	UKH2	64178.37	1689337
2007	UKH3	50137.53	1616057
2007	UKI3	200032.54	3547676
2007	UKI4	113817.80	3547676
2007	UKI5	46563.23	555747.72
2007	UKI6	43055.45	555747.72
2007	UKI7	81765.93	555747.72
2007	UKJ1	107775.73	3271327
2007	UKJ2	100979.21	7879729
2007	UKJ3	67444.40	6372391
2007	UKJ4	49978.52	3184081
2007	UKK1	84764.25	6236094
2007	UKK2	36138.87	11049964
2007	UKK3	12543.31	10616957
2007	UKK4	30833.39	10998159
2007	UKL1	43366.97	10669803
2007	UKL2	35337.37	2670581
2007	UKM5	24358.12	1704058
2007	UKM6	14709.30	6317465
2007	UKM7	69926.78	8169872
2007	UKM8	46219.27	3337661
2007	UKM9	19386.88	3337661
2007	UKN0	51557.19	2220205
